32
19
16
16
16
55
72
52
86
25
18
46
53
48
19
52
14
54
65
45
68
26
58
65
84
23
16
81
85
14
86
41
14
39
57
58
25
32
46
95
51
23
24
97
32
41
99
53
45
72
66
22
79
45
64
11
28
39
55
91
91
82
29
53
58
33
63
53
85
62
32
88
77
26
87
11
29
69
68
17
67
87
63
45
97
26
72
86
44
19
41
33
59
67
87
76
95
18
16
54
26
45
29
52
15
75
24
86
37
35
39
13
98
75
22
63
53
32
89
13
33
31
44
31
41
15
63
42
33
27
77
24
58
22
32
88
77
88
55
93
49
37
12
66
79
31
91
26
64
16
39
41
93
24
77
33
89
93
69
31
93
87
23
58
46
69
27
16
73
19
22
33
37
36
21
73
33
79
38
12
66
81
73
95
77
93
67
93
27
22
83
11
87
71
57
87
88
43
85
37
66
28
82
55
26
57
72
16
69
12
17
21
68
98
29
63
34
36
85
26
92
29
83
62
89
28
48
63
87
44
82
26
64
74
62
58
87
61
93
52
96
91
89
94
85
85
58
87
76
65
77
41
36
89
84
32
73
92
15
47
85
82
12
32
36
99
32
77
72
54
52
89
58
13
29
22
64
52
27
15
83
12
32
76
69
12
69
53
38
75
79
27
73
63
48
36
42
43
93
87
99
56
72
68
48
11
22
94
18
81
13
55
34
12
68
34
86
66
55
87
99
45
72
22
81
15
51
22
12
52
52
63
11
18
66
63
37
14
11
33
79
71
63
47
81
56
67
68
18
21
37
57
34
34
55
91
41
31
18
97
52
88
86
44
74
83
88
14
31
29
23
72
87
25
62
72
88
82
84
23
52
26
85
72
28
22
17
13
92
53
85
21
19
18
62
39
61
16
46
76
49
61
71
43
38
41
23
24
17
19
64
42
78
81
64
12
85
61
25
45
87
23
19
24
55
12
45
83
52
79
33
95
37
61
98
86
88
54
49
99
81
23
48
66
82
25
35
54
45
69
37
17
75
15
26
44
89
11
47
78
39
38
48
35
85
21
43
33
99
78
88
92
67
81
36
77
29
43
11
49
58
95
18
15
47
68
37
17
44
52
18
59
99
99
64
45
17
42
44
22
38
25
53
56
67
12
96
38
27
91
27
65
22
44
13
75
98
13
45
71
65
31
33
81
47
73
44
85
35
55
55
21
73
37
42
82
15
38
42
28
95
52
52
22
65
43
11
79
95
74
17
81
81
55
83
59
67
52
45
78
55
54
67
11
74
12
73
58
28
65
29
54
88
59
81
25
61
12
98
66
45
88
21
17
72
66
46
31
74
18
77
18
41
15
19
92
78
93
54
21
25
84
76
36
72
14
84
68
42
53
24
49
18
92
75
22
99
44
52
76
51
57
55
97
25
95
47
87
65
38
91
67
19
18
37
57
25
49
27
89
81
82
31
62
88
99
61
79
42
11
25
32
43
11
68
67
45
43
79
58
94
12
41
41
56
81
37
18
29
46
27
16
62
86
29
35
89
17
51
54
84
11
21
13
11
98
61
58
21
58
48
76
27
73
71
91
21
61
96
46
44
38
14
73
53
15
98
77
69
83
17
66
96
12
39
32
64
36
37
61
37
86
17
69
97
76
18
84
52
84
62
98
37
66
36
11
86
35
32
67
39
75
89
71
49
12
99
69
74
15
92
69
32
29
15
25
65
25
55
66
76
66
92
53
67
49
81
18
39
22
44
14
61
16
18
51
57
36
46
83
87
22
42
51
77
83
93
49
25
48
59
36
19
65
23
91
45
35
88
28
21
27
82
63
82
23
35
95
97
96
27
11
76
12
76
36
94
68
11
33
22
78
79
64
83
71
84
79
54
64
53
49
89
24
72
63
57
45
76
32
19
32
63
54
73
89
78
28
73
68
88
85
81
66
53
95
88
39
11
44
75
74
44
22
52
36
59
32
19
43
55
57
68
44
65
31
53
49
56
69
78
32
22
96
68
28
55
66
84
68
22
79
29
45
89
84
41
56
44
59
42
84
95
49
74
79
83
48
28
72
44
25
67
38
28
72
45
82
68
77
35
67
36
57
79
85
99
44
39
63
34
36
89
78
99
76
45
29
84
46
38
22
99
76
82
22
72
72
25
34
78
92
98
56
65
85
93
27
54
64
32
64
53
37
78
46
49
76
55
24
23
23
23
21
34
88
43
86
86
92
33
59
82
66
28
22
45
68
75
94
19
14
16
33
34
77
91
87
58
26
